[1, 91, 128, 90, 89]
[2, 97, 95, 96, 3]
[4, 150, 162, 41, 18]
[5, 136, 6, 151, 7]
[8, 135, 109, 110, 112]
[9, 146, 138, 198, 65]
[10, 159, 161, 164, 171]
[11, 139, 145, 129, 72]
[12, 13, 79, 77, 199]
[14, 15, 17, 22, 21]
[16, 28, 39, 30, 31]
[19, 27, 29, 34, 35]
[20, 32, 38, 33, 26]
[23, 40, 24, 25, 36]
[37, 167, 168, 169, 170]
[42, 58, 59, 134, 132]
[43, 176, 143, 141, 188]
[44, 130, 131, 140, 149]
[45, 71, 76, 85, 182]
[46, 200, 78, 92, 108]
[47, 50, 49, 48, 66]
[51, 52, 54, 53, 104]
[55, 177, 178, 57, 56]
[60, 69, 70, 68, 82]
[61, 62, 165, 160, 166]
[63, 144, 88, 185, 184]
[64, 186, 201, 202, 203]
[67, 74, 73, 193, 80]
[75, 93, 174, 194, 126]
[81, 83, 84, 137, 183]
[86, 87, 105, 99, 101]
[94, 205, 204, 120, 195]
[98, 102, 103, 106, 100]
[107, 116, 114, 111, 117]
[113, 196, 121, 118, 119]
[115, 122, 123, 124, 125]
[127, 155, 191, 190, 192]
[133, 156, 175, 163, 181]
[142, 197, 189, 187, 173]
[147, 148, 180, 179, 152]
[153, 154, 172, 158, 157]
